3707            
4               
12              
0               
1               
6               
17409           
0               
0               
0               
17413           
32              
2               
6               
0               
1               

// Volume Independent Parameters
1               
0               
0               
0               
0               
0               
0               
0               
0               
1               
20              
5               
50              
5000            
-96             
-80             
-50             
-26             
0               
-86             
-70             
-40             
-26             
-26             
1               
13              
32              
32              
32              
32              
32              
32              
32              
32              
32              
32              
32              
32              
32              
32              
31              
29              
25              
22              
20              
19              
20              
23              
28              
29              
29              
27              
26              
26              
27              
27              
31              
33              
34              
31              
28              
26              
24              
25              
25              
26              
26              
28              
29              
30              
31              
31              
32              
32              
33              
34              
36              
39              
41              
43              
44              
42              
41              
41              
43              
44              
46              
47              
48              
48              
48              
48              
48              
47              
48              
48              
47              
47              
45              
44              
43              
42              
42              
41              
42              
41              
41              
41              
41              
41              
41              
42              
42              
42              
42              
42              
42              
42              
42              
41              
41              
40              
39              
39              
38              
37              
36              
35              
34              
33              
32              
31              
30              
29              
28              
28              
27              
26              
26              
25              
25              
25              
24              
24              
24              
25              
25              
25              
25              
25              
25              
25              
25              
26              
26              
26              
26              
26              
26              
26              
26              
26              
26              
25              
25              
25              
24              
24              
24              
23              
23              
23              
22              
22              
22              
21              
21              
20              
20              
20              
19              
19              
19              
18              
18              
18              
17              
17              
17              
17              
16              
16              
16              
16              
16              
16              
16              
15              
15              
15              
15              
15              
15              
15              
15              
15              
15              
14              
14              
14              
14              
14              
14              
14              
14              
13              
13              
13              
13              
13              
13              
13              
13              
12              
12              
12              
12              
12              
12              
12              
12              
12              
11              
11              
11              
11              
11              
11              
11              
11              
11              
11              
11              
11              
10              
10              
10              
10              
10              
10              
10              
10              
10              
9               
9               
9               
9               
9               
9               
9               
8               
8               
8               
8               
8               
8               
8               
8               
8               
7               
7               
7               
7               
7               
7               
7               
7               
7               
7               
7               
6               
6               
6               
6               
6               
6               
6               
6               
6               
5               
5               
5               
5               
5               
5               
5               
5               
5               
5               
5               
5               
4               
4               
4               
4               
4               
4               
4               
4               
4               
4               
4               
4               
4               
3               
3               
3               
3               
3               
3               
3               
3               
3               
3               
3               
3               
3               
3               
3               
2               
2               
2               
2               
2               
2               
2               
2               
2               
2               
2               
2               
2               
2               
2               
2               
2               
2               
2               
2               
2               
2               
2               
2               
2               
2               
2               
2               
2               
2               
2               
2               
2               
2               
2               
2               
2               
2               
2               
2               
2               
2               
2               
2               
2               
2               
2               
2               
2               
3               
3               
3               
3               
3               
3               
3               
3               
3               
3               
3               
3               
3               
3               
3               
3               
4               
4               
4               
4               
4               
4               
4               
4               
4               
4               
4               
4               
4               
4               
5               
5               
5               
5               
5               
5               
5               
5               
5               
5               
5               
6               
6               
6               
6               
6               
6               
6               
7               
7               
7               
7               
7               
7               
7               
8               
8               
8               
8               
8               
8               
8               
8               
8               
8               
9               
9               
9               
9               
9               
9               
9               
9               
9               
9               
9               
9               
9               
9               
9               
9               
9               
9               
9               
8               
8               
8               
8               
8               
8               
8               
8               
8               
8               
8               
8               
8               
8               
7               
7               
7               
7               
7               
7               
7               
7               
7               
7               
7               
7               
7               
7               
7               
8               
8               
8               
8               
8               
8               
8               
8               
8               
8               
8               
8               
8               
8               
8               
8               
8               
8               
8               
8               
9               
9               
9               
9               
9               
9               
9               
9               
9               
10              
10              
10              
10              
10              
11              
11              
11              
11              
11              
12              
12              
12              
12              
13              
13              
13              
14              
14              
15              
17              
18              
18              
18              
17              
15              
14              
13              
12              
11              
11              
11              
12              
11              
12              
12              
13              
14              
15              
16              
16              
16              
15              
14              
14              
13              
11              
9               
8               
7               
7               
6               
6               
5               
5               
5               
5               
5               
4               
4               
4               
4               
4               
3               
3               
3               
3               
2               
2               
2               
2               
2               
2               
2               
2               
2               
2               
2               
2               
2               
2               
2               
2               
2               
8               
8               
32              
32              
32              
32              
32              
32              
32              
32              
32              
32              
32              
32              
32              
34              
32              
29              
25              
21              
19              
18              
19              
20              
24              
27              
30              
29              
30              
29              
28              
28              
28              
29              
30              
30              
29              
27              
24              
22              
22              
23              
25              
27              
29              
30              
30              
30              
31              
33              
34              
36              
36              
37              
38              
38              
39              
40              
41              
41              
43              
45              
48              
48              
49              
49              
49              
47              
47              
47              
47              
47              
48              
48              
47              
45              
44              
43              
42              
41              
40              
39              
38              
38              
37              
36              
36              
35              
35              
35              
34              
34              
34              
34              
33              
33              
33              
32              
32              
32              
31              
31              
31              
30              
30              
30              
29              
29              
28              
28              
28              
27              
26              
26              
25              
24              
23              
23              
22              
21              
21              
20              
20              
19              
19              
18              
18              
18              
18              
17              
17              
17              
17              
17              
17              
17              
17              
17              
17              
17              
17              
17              
18              
18              
18              
18              
19              
19              
19              
19              
19              
19              
19              
19              
19              
19              
19              
18              
18              
18              
18              
17              
17              
17              
16              
16              
16              
16              
15              
15              
15              
15              
15              
14              
14              
14              
14              
14              
14              
14              
14              
14              
13              
13              
13              
13              
13              
13              
13              
13              
13              
13              
13              
13              
13              
13              
13              
13              
13              
13              
13              
13              
13              
13              
13              
14              
14              
14              
14              
14              
14              
14              
15              
15              
15              
15              
15              
15              
15              
14              
14              
14              
14              
14              
13              
13              
13              
13              
13              
12              
12              
12              
12              
12              
12              
11              
11              
11              
11              
11              
11              
11              
10              
10              
10              
10              
10              
9               
9               
9               
9               
9               
8               
8               
8               
8               
8               
7               
7               
7               
7               
7               
6               
6               
6               
6               
6               
6               
5               
5               
5               
5               
5               
5               
5               
5               
5               
5               
4               
4               
4               
4               
4               
4               
4               
4               
4               
4               
4               
4               
4               
4               
4               
4               
4               
4               
4               
4               
3               
3               
3               
3               
3               
3               
3               
3               
3               
3               
3               
3               
3               
3               
3               
3               
2               
2               
2               
2               
2               
2               
2               
2               
2               
2               
2               
2               
2               
2               
2               
2               
1               
1               
1               
1               
1               
1               
1               
1               
1               
1               
1               
1               
1               
1               
1               
1               
1               
1               
1               
1               
2               
2               
2               
2               
2               
2               
2               
2               
2               
2               
2               
2               
2               
2               
2               
2               
2               
2               
2               
2               
3               
3               
3               
3               
3               
3               
3               
3               
3               
3               
3               
3               
3               
3               
4               
4               
4               
4               
4               
4               
4               
4               
4               
4               
4               
4               
4               
5               
5               
5               
5               
5               
5               
5               
5               
5               
6               
6               
6               
6               
6               
6               
6               
6               
6               
6               
6               
7               
7               
7               
7               
7               
7               
7               
7               
7               
7               
7               
7               
7               
7               
7               
6               
6               
6               
6               
6               
6               
6               
6               
6               
6               
6               
6               
6               
5               
5               
5               
5               
5               
5               
5               
5               
5               
5               
5               
5               
5               
5               
5               
5               
5               
5               
5               
5               
5               
5               
5               
5               
5               
5               
5               
5               
5               
5               
5               
5               
5               
5               
5               
5               
6               
6               
6               
6               
6               
6               
6               
7               
7               
7               
7               
7               
8               
8               
8               
8               
9               
9               
9               
9               
9               
10              
10              
10              
10              
11              
11              
11              
11              
12              
12              
12              
13              
13              
14              
16              
17              
16              
13              
11              
9               
9               
9               
9               
9               
10              
10              
9               
9               
9               
9               
10              
11              
12              
12              
11              
11              
10              
9               
8               
8               
8               
7               
6               
5               
5               
4               
4               
4               
3               
3               
3               
3               
3               
3               
3               
2               
2               
2               
2               
2               
2               
2               
2               
2               
2               
2               
2               
2               
2               
2               
2               
2               
2               
2               
2               
2               
2               
2               
6               
6               
32              
32              
32              
32              
32              
32              
32              
32              
32              
32              
32              
32              
32              
32              
32              
32              
32              
32              
32              
32              
32              
32              
32              
32              
32              
32              
32              
32              
32              
32              
32              
32              
32              
32              
32              
32              
32              
32              
32              
32              
32              
32              
32              
32              
32              
32              
32              
32              
32              
32              
32              
32              
32              
32              
32              
32              
32              
32              
32              
32              
32              
32              
32              
32              
32              
32              
32              
32              
32              
32              
32              
32              
32              
32              
32              
32              
32              
32              
32              
32              
32              
32              
32              
32              
32              
32              
32              
32              
32              
32              
32              
32              
32              
32              
32              
32              
32              
32              
32              
32              
32              
32              
32              
32              
32              
32              
32              
32              
32              
32              
32              
32              
32              
32              
32              
32              
32              
32              
32              
32              
32              
32              
32              
32              
32              
32              
32              
32              
32              
32              
32              
32              
32              
32              
32              
32              
32              
32              
32              
32              
32              
32              
32              
32              
32              
32              
32              
32              
32              
32              
32              
32              
32              
32              
32              
32              
32              
32              
32              
32              
32              
32              
32              
32              
32              
32              
32              
32              
32              
32              
32              
32              
32              
32              
32              
32              
32              
32              
32              
32              
32              
32              
32              
32              
32              
32              
32              
32              
32              
32              
32              
32              
32              
32              
32              
32              
32              
32              
32              
32              
32              
32              
32              
32              
32              
32              
32              
32              
32              
32              
32              
32              
32              
32              
32              
32              
32              
32              
32              
32              
32              
32              
32              
32              
32              
32              
32              
32              
32              
32              
32              
32              
32              
32              
32              
32              
32              
32              
32              
32              
32              
32              
32              
32              
32              
32              
32              
32              
32              
32              
32              
32              
32              
32              
32              
32              
32              
32              
32              
32              
32              
32              
32              
32              
32              
32              
32              
32              
32              
32              
32              
32              
32              
32              
32              
32              
32              
32              
32              
32              
32              
32              
32              
32              
32              
32              
32              
32              
32              
32              
32              
32              
32              
32              
32              
32              
32              
32              
32              
32              
32              
32              
32              
32              
32              
32              
32              
32              
32              
32              
32              
32              
32              
32              
32              
32              
32              
32              
32              
32              
32              
32              
32              
32              
32              
32              
32              
32              
32              
32              
32              
32              
32              
32              
32              
32              
32              
32              
32              
32              
32              
32              
32              
32              
32              
32              
32              
32              
32              
32              
32              
32              
32              
32              
32              
32              
32              
32              
32              
32              
32              
32              
32              
32              
32              
32              
32              
32              
32              
32              
32              
32              
32              
32              
32              
32              
32              
32              
32              
32              
32              
32              
32              
32              
32              
32              
32              
32              
32              
32              
32              
32              
32              
32              
32              
32              
32              
32              
32              
32              
32              
32              
32              
32              
32              
32              
32              
32              
32              
32              
32              
32              
32              
32              
32              
32              
32              
32              
32              
32              
32              
32              
32              
32              
32              
32              
32              
32              
32              
32              
32              
32              
32              
32              
32              
32              
32              
32              
32              
32              
32              
32              
32              
32              
32              
32              
32              
32              
32              
32              
32              
32              
32              
32              
32              
32              
32              
32              
32              
32              
32              
32              
32              
32              
32              
32              
32              
32              
32              
32              
32              
32              
32              
32              
32              
32              
32              
32              
32              
32              
32              
32              
32              
32              
32              
32              
32              
32              
32              
32              
32              
32              
32              
32              
32              
32              
32              
32              
32              
32              
32              
32              
32              
32              
32              
32              
32              
32              
32              
32              
32              
32              
32              
32              
32              
32              
32              
32              
32              
32              
32              
32              
32              
32              
32              
32              
32              
32              
32              
32              
32              
32              
32              
32              
32              
32              
32              
32              
32              
32              
32              
32              
32              
32              
32              
32              
32              
32              
32              
32              
32              
32              
32              
32              
32              
32              
32              
32              
32              
32              
32              
32              
32              
32              
32              
32              
32              
32              
32              
32              
32              
32              
32              
32              
32              
32              
32              
32              
32              
32              
32              
32              
32              
32              
32              
32              
32              
32              
32              
32              
32              
32              
32              
32              
32              
32              
32              
32              
32              
32              
32              
32              
32              
32              
32              
32              
32              
32              
32              
32              
32              
32              
32              
32              
32              
32              
32              
32              
32              
32              
32              
32              
32              
32              
32              
32              
32              
32              
32              
32              
32              
32              
32              
32              
32              
32              
32              
32              
32              
32              
32              
32              
32              
32              
32              
32              
32              
32              
32              
32              
32              
32              
32              
32              
32              
32              
32              
32              
32              
32              
32              
32              
32              
32              
32              
32              
32              
32              
32              
32              
32              
32              
32              
32              
32              
32              
32              
32              
32              
32              
32              
32              
32              
32              
32              
32              
32              
32              
32              
32              
32              
32              
32              
32              
32              
32              
32              
32              
32              
32              
32              
32              
32              
32              
32              
32              
32              
32              
32              
32              
32              
32              
32              
32              
32              
32              
32              
32              
32              
32              
32              
32              
32              
32              
32              
32              
32              
32              
32              
32              
32              
32              
32              
32              
32              
32              
32              
32              
32              
32              
32              
32              
32              
32              
32              
32              
32              
32              
32              
32              
32              
32              
32              
32              
32              
32              
32              
32              
32              
32              
32              
32              
32              
32              
32              
32              
32              
32              
32              
32              
32              
32              
32              
32              
32              
32              
32              
32              
32              
32              
32              
32              
32              
32              
32              
32              
32              
32              
32              
32              
32              
32              
32              
32              
32              
32              
32              
32              
32              
32              
32              
32              
32              
32              
32              
32              
32              
32              
32              
32              
32              
32              
32              
32              
32              
32              
32              
32              
32              
32              
32              
32              
32              
32              
32              
32              
32              
32              
32              
32              
32              
32              
32              
32              
32              
32              
32              
32              
32              
32              
32              
32              
32              
32              
32              
32              
32              
32              
32              
32              
32              
32              
32              
32              
32              
32              
32              
32              
32              
32              
32              
32              
32              
32              
32              
32              
32              
32              
32              
32              
32              
32              
32              
32              
32              
32              
32              
32              
32              
32              
32              
32              
32              
32              
32              
32              
32              
32              
32              
32              
32              
32              
32              
32              
32              
32              
32              
32              
32              
32              
32              
32              
32              
32              
32              
32              
32              
32              
32              
32              
32              
32              
32              
32              
32              
32              
32              
32              
32              
32              
32              
32              
32              
32              
32              
32              
32              
32              
32              
32              
32              
32              
32              
32              
32              
32              
32              
32              
32              
32              
32              
32              
32              
32              
32              
32              
32              
32              
32              
32              
32              
32              
32              
32              
32              
32              
32              
32              
32              
32              
32              
32              
32              
32              
32              
32              
32              
32              
32              
32              
32              
32              
32              
32              
32              
32              
32              
32              
32              
32              
32              
32              
32              
32              
32              
32              
32              
32              
32              
32              
32              
32              
32              
32              
32              
32              
32              
32              
32              
32              
32              
32              
32              
32              
32              
32              
32              
32              
32              
32              
32              
32              
32              
32              
32              
32              
32              
32              
32              
32              
32              
32              
32              
32              
32              
32              
32              
32              
32              
32              
32              
32              
32              
32              
32              
32              
32              
32              
32              
32              
32              
32              
32              
32              
32              
32              
32              
32              
32              
32              
32              
32              
32              
32              
32              
32              
32              
32              
32              
32              
32              
32              
32              
32              
32              
32              
32              
32              
32              
32              
32              
32              
32              
32              
32              
32              
32              
32              
32              
32              
32              
32              
32              
32              
32              
32              
32              
32              
32              
32              
32              
32              
32              
32              
32              
32              
32              
32              
32              
32              
32              
32              
32              
32              
32              
32              
32              
32              
32              
32              
32              
32              
32              
32              
32              
32              
32              
32              
32              
32              
32              
32              
32              
32              
32              
32              
32              
32              
32              
32              
32              
32              
32              
32              
32              
32              
32              
32              
32              
32              
32              
32              
32              
32              
32              
32              
32              
32              
32              
32              
32              
32              
32              
32              
32              
32              
32              
32              
32              
32              
1               
33              
32767           
30              
120             
20              
20              
-6              
-6              
-15             
-15             
0               
1               
100             
0               
-15             
32767           
6               
-18             
12              
-71             
-67             
-75             
-80             
-85             
-90             
-95             
-98             
-100            
-101            
-102            
-102            
-104            
-104            
-106            
-107            
-107            
-107            
-108            
-108            
-109            
-109            
-109            
-109            
-109            
-110            
-111            
-110            
-110            
-110            
-110            
-110            
-110            
-111            
-111            
-111            
-110            
-110            
-111            
-111            
-111            
-112            
-112            
-112            
-112            
-112            
-112            
-112            
-112            
-113            
-113            
-113            
-112            
-112            
-112            
-112            
-112            
-113            
-113            
-113            
-112            
-112            
-112            
-112            
-113            
-113            
-113            
-113            
-114            
-113            
-114            
-113            
-113            
-114            
-114            
-113            
-113            
-113            
-113            
-112            
-114            
-114            
-115            
-115            
-113            
-113            
-114            
-113            
-114            
-115            
-113            
-115            
-115            
-113            
-114            
-114            
-114            
-114            
-113            
-114            
-115            
-115            
-114            
-114            
-114            
-114            
-114            
-114            
-115            
-113            
-114            
-114            
-114            
-114            
-115            
-115            
-114            
-114            
-114            
-114            
-113            
-114            
-114            
-115            
-114            
-113            
-114            
-113            
-114            
-114            
-114            
-114            
-115            
-114            
-114            
-114            
-114            
-115            
-115            
-114            
-114            
-114            
-114            
-115            
-114            
-114            
-115            
-115            
-114            
-114            
-115            
-115            
-116            
-115            
-114            
-115            
-115            
-115            
-114            
-115            
-115            
-114            
-115            
-114            
-115            
-115            
-115            
-114            
-114            
-114            
-116            
-115            
-114            
-115            
-115            
-115            
-115            
-115            
-115            
-115            
-115            
-114            
-114            
-115            
-115            
-114            
-115            
-114            
-114            
-115            
-115            
-115            
-115            
-115            
-114            
-115            
-114            
-115            
-114            
-115            
-115            
-114            
-114            
-114            
-114            
-114            
-115            
-114            
-115            
-114            
-114            
-116            
-114            
-115            
-114            
-115            
-115            
-114            
-114            
-114            
-114            
-115            
-114            
-115            
-115            
-114            
-115            
-114            
-114            
-114            
-114            
-115            
-115            
-115            
-114            
-114            
-114            
-115            
-115            
-115            
-115            
-114            
-115            
-115            
-114            
-114            
-114            
-114            
-115            
-115            
-114            
-114            
-114            
-114            
-114            
-114            
-114            
-114            
-114            
-114            
-114            
-114            
-113            
-113            
-113            
-114            
-114            
-114            
-114            
-114            
-113            
-113            
-112            
-114            
-114            
-113            
-112            
-113            
-113            
-113            
-113            
-114            
-113            
-113            
-113            
-112            
-113            
-113            
-113            
-113            
-113            
-112            
-113            
-112            
-112            
-112            
-111            
-112            
-111            
-111            
-111            
-110            
-112            
-111            
-112            
-111            
-111            
-110            
-109            
-110            
-110            
-110            
-110            
-109            
-109            
-110            
-109            
-109            
-108            
-109            
-110            
-109            
-108            
-108            
-107            
-109            
-108            
-107            
-107            
-108            
-107            
-109            
-109            
-110            
-109            
-109            
-110            
-111            
-112            
-111            
-110            
-110            
-109            
-109            
-110            
-111            
-110            
-111            
-111            
-111            
-110            
-111            
-111            
-112            
-113            
-113            
-112            
-113            
-112            
-113            
-112            
-111            
-112            
-113            
-113            
-113            
-113            
-114            
-114            
-114            
-114            
-114            
-113            
-113            
-114            
-113            
-113            
-113            
-114            
-113            
-114            
-115            
-114            
-114            
-114            
-114            
-114            
-114            
-114            
-114            
-114            
-113            
-114            
-115            
-113            
-113            
-115            
-114            
-115            
-114            
-113            
-114            
-114            
-116            
-115            
-115            
-114            
-114            
-115            
-114            
-114            
-115            
-115            
-114            
-114            
-115            
-114            
-114            
-115            
-115            
-116            
-115            
-115            
-115            
-115            
-115            
-115            
-115            
-114            
-115            
-115            
-115            
-115            
-115            
-114            
-114            
-114            
-115            
-114            
-115            
-114            
-115            
-115            
-115            
-115            
-115            
-116            
-115            
-115            
-116            
-115            
-116            
-116            
-116            
-116            
-115            
-115            
-114            
-115            
-115            
-115            
-115            
-115            
-116            
-115            
-115            
-115            
-115            
-115            
-115            
-116            
-116            
-115            
-115            
-115            
-115            
-116            
-116            
-116            
-115            
-114            
-115            
-115            
-115            
-115            
-115            
-115            
-114            
-115            
-115            
-115            
-115            
-115            
-115            
-115            
-116            
-115            
-115            
-115            
-115            
-115            
-115            
-115            
-115            
-114            
-115            
-115            
-117            
-117            
-117            
-118            
-117            
-118            
-70             
-66             
-75             
-81             
-86             
-90             
-95             
-98             
-99             
-100            
-100            
-102            
-104            
-105            
-105            
-105            
-106            
-106            
-107            
-108            
-108            
-108            
-109            
-109            
-109            
-110            
-111            
-110            
-109            
-109            
-109            
-110            
-111            
-110            
-111            
-111            
-110            
-110            
-111            
-111            
-111            
-111            
-111            
-111            
-111            
-112            
-112            
-111            
-111            
-112            
-111            
-112            
-112            
-112            
-112            
-112            
-111            
-112            
-112            
-111            
-112            
-112            
-111            
-113            
-113            
-113            
-113            
-113            
-113            
-113            
-113            
-113            
-114            
-113            
-113            
-113            
-112            
-113            
-112            
-112            
-114            
-114            
-114            
-114            
-113            
-114            
-114            
-113            
-113            
-114            
-113            
-112            
-113            
-114            
-114            
-113            
-113            
-113            
-113            
-113            
-113            
-114            
-114            
-114            
-114            
-114            
-113            
-113            
-114            
-114            
-114            
-113            
-114            
-113            
-114            
-115            
-115            
-114            
-114            
-115            
-115            
-113            
-114            
-114            
-114            
-114            
-114            
-114            
-114            
-113            
-114            
-115            
-114            
-114            
-115            
-114            
-114            
-114            
-115            
-115            
-114            
-114            
-114            
-114            
-115            
-114            
-114            
-115            
-114            
-114            
-114            
-114            
-114            
-114            
-115            
-114            
-115            
-114            
-114            
-114            
-114            
-115            
-115            
-114            
-113            
-114            
-115            
-114            
-115            
-115            
-114            
-114            
-115            
-115            
-114            
-115            
-114            
-115            
-116            
-115            
-114            
-114            
-114            
-115            
-114            
-115            
-115            
-114            
-114            
-114            
-114            
-116            
-115            
-115            
-115            
-115            
-114            
-114            
-114            
-114            
-115            
-115            
-114            
-114            
-114            
-114            
-115            
-115            
-115            
-114            
-113            
-114            
-115            
-114            
-113            
-114            
-115            
-115            
-114            
-114            
-114            
-114            
-113            
-113            
-113            
-114            
-114            
-114            
-115            
-115            
-115            
-116            
-115            
-115            
-114            
-115            
-114            
-115            
-115            
-114            
-114            
-114            
-114            
-114            
-113            
-114            
-114            
-114            
-115            
-116            
-114            
-114            
-114            
-114            
-114            
-114            
-114            
-114            
-114            
-114            
-113            
-114            
-114            
-114            
-113            
-115            
-114            
-114            
-113            
-114            
-113            
-114            
-115            
-114            
-114            
-113            
-113            
-114            
-114            
-113            
-114            
-114            
-113            
-113            
-113            
-114            
-113            
-113            
-113            
-113            
-113            
-112            
-113            
-112            
-113            
-112            
-112            
-111            
-111            
-112            
-112            
-113            
-113            
-112            
-112            
-112            
-111            
-111            
-111            
-111            
-110            
-111            
-111            
-110            
-110            
-110            
-109            
-109            
-109            
-110            
-109            
-110            
-110            
-109            
-108            
-109            
-107            
-107            
-107            
-108            
-109            
-109            
-108            
-108            
-107            
-108            
-108            
-107            
-107            
-107            
-107            
-108            
-108            
-108            
-108            
-109            
-108            
-108            
-108            
-109            
-109            
-109            
-109            
-109            
-108            
-110            
-111            
-111            
-111            
-111            
-111            
-112            
-113            
-112            
-111            
-111            
-111            
-111            
-111            
-111            
-112            
-113            
-112            
-111            
-111            
-112            
-113            
-113            
-113            
-114            
-115            
-114            
-113            
-112            
-112            
-112            
-113            
-113            
-113            
-114            
-114            
-114            
-114            
-114            
-115            
-115            
-115            
-116            
-115            
-114            
-113            
-114            
-114            
-113            
-113            
-114            
-114            
-114            
-113            
-115            
-114            
-114            
-114            
-114            
-114            
-115            
-115            
-115            
-115            
-114            
-114            
-114            
-115            
-116            
-115            
-114            
-115            
-115            
-115            
-115            
-115            
-114            
-115            
-114            
-115            
-115            
-115            
-115            
-115            
-115            
-115            
-116            
-115            
-115            
-115            
-115            
-114            
-115            
-114            
-115            
-114            
-115            
-115            
-115            
-115            
-114            
-114            
-115            
-116            
-115            
-114            
-115            
-115            
-114            
-115            
-114            
-115            
-115            
-116            
-115            
-115            
-115            
-116            
-115            
-115            
-115            
-115            
-116            
-114            
-115            
-115            
-115            
-116            
-116            
-115            
-115            
-115            
-115            
-115            
-115            
-116            
-115            
-115            
-116            
-116            
-116            
-115            
-115            
-115            
-115            
-114            
-114            
-114            
-116            
-117            
-116            
-116            
-116            
-117            
-116            
-117            
-118            
-119            
1               
0               
10              
0               
-15             
1               
0               
-12             
2344            
4687            
0               
-15             
-3              
-20             
0               
9830            
1638            
655             
0               
-20             
0               
-20             
300             
300             
0               
0               
0               
0               
32767           
1               
0               
24576           
0               
-96             
28642           
0               
0               
-13             
27000           
27000           
27000           
27000           
16384           
-12             
-18             
96              
440             
6826            
6826            
6826            
6826            
6826            
0               
1               
20              
-3              
-6              
0               
1               
0               
-6              
-96             
1000            
1000            
0               
0               
0               
0               
300             
30              
50              
1               
0               
20              
1               
50              
5               
-2560           
2500            
200             
1536            
4000            
300             
0               
7000            
400             
2048            
6000            
300             
1536            
9500            
300             
-5632           
15500           
200             
0               
300             
200             
0               
1000            
100             
0               
20              
96              
0               
20              
96              
2               
0               
200             
100             
-16             
2000            
100             
-16             
1               
1               
20              
2               
1               
20              
0               
0               
500             
5000            
-96             
0               
0               
0               
0               
-96             
0               
0               
0               
0               
1               
0               
20              
2               
1               
20              
0               
0               
10000           
10000           
-96             
0               
0               
0               
0               
-96             
0               
0               
0               
0               
1               
0               
20              
2               
1               
20              
0               
0               
10000           
10000           
-96             
0               
0               
0               
0               
-96             
0               
0               
0               
0               
1               
0               
20              
2               
1               
20              
0               
0               
10000           
10000           
-96             
0               
0               
0               
0               
-96             
0               
0               
0               
0               
1               
0               
20              
2               
1               
20              
0               
0               
10000           
10000           
-96             
0               
0               
0               
0               
-96             
0               
0               
0               
0               
1               
0               
1               
20              
5               
0               
20              
0               
0               
50              
2000            
-96             
-80             
-45             
-13             
0               
-96             
-80             
-45             
-13             
-13             
0               
0               
1               
0               
10              
0               
0               
90              
75              
100             
10              
10              
0               
0               
-20             
-20             
-96             
-96             
-6              
3               
70              
30              
500             
0               
0               
0               
0               
40              
22              
43              
0               
132             
0               
92              
0               
4               
4               
10              
0               
0               
1               
2               
1               
0               
0               
0               
0               
0               
-30             
0               
100             
12              
86              
6826            
6826            
6826            
6826            
6826            
6826            
6826            
6826            
6826            
6826            

// Volume 0
